Genome	Species	Resistance gene	Identity	Alignment Length/Gene Length	Coverage	Position in reference	Contig	Position in contig	Phenotype	Accession no.
SAMEA104138651	parasanguinis_E	tetA(46)	95.19	1725/1725	100.0	1..1725	SAMEA104138651.contig00002 len=441969 cov=37.4 corr=0 origname=NODE_2_length_441969_cov_37.371067_pilon sw=shovill-spades/1.0.4 date=20181221	380680..382404	Doxycycline, Tetracycline, Tigecycline	HQ652506
SAMEA104138651	parasanguinis_E	tetB(46)	92.46	1723/1737	98.96373056994818	1..1721	SAMEA104138651.contig00002 len=441969 cov=37.4 corr=0 origname=NODE_2_length_441969_cov_37.371067_pilon sw=shovill-spades/1.0.4 date=20181221	382406..384126	Doxycycline, Tetracycline, Tigecycline	HQ652506
SAMEA104138651	parasanguinis_E	tet(M)	99.84	1920/1920	100.0	1..1920	SAMEA104138651.contig00004 len=258600 cov=31.4 corr=0 origname=NODE_4_length_258600_cov_31.405186_pilon sw=shovill-spades/1.0.4 date=20181221	219585..221504	Doxycycline, Tetracycline, Minocycline	X04388
SAMEA117078724	parasanguinis_E	msr(D)	100.00	1464/1464	100.0	1..1464	SAMEA117078724.contig00001 len=1523035 cov=41.7 corr=0 origname=NODE_1_length_1523035_cov_41.725419_pilon sw=shovill-spades/1.1.0 date=20250207	341488..342951	Erythromycin, Azithromycin, Telithromycin, Quinupristin, Pristinamycin IA, Virginiamycin S	AF274302
SAMEA117078724	parasanguinis_E	mef(A)	100.00	1218/1218	100.0	1..1218	SAMEA117078724.contig00001 len=1523035 cov=41.7 corr=0 origname=NODE_1_length_1523035_cov_41.725419_pilon sw=shovill-spades/1.1.0 date=20250207	340151..341368	Erythromycin, Azithromycin	U83667
SAMEA117078724	parasanguinis_E	tetA(46)	94.84	1725/1725	100.0	1..1725	SAMEA117078724.contig00001 len=1523035 cov=41.7 corr=0 origname=NODE_1_length_1523035_cov_41.725419_pilon sw=shovill-spades/1.1.0 date=20250207	922173..923897	Doxycycline, Tetracycline, Tigecycline	HQ652506
SAMEA117078724	parasanguinis_E	tetB(46)	92.51	1723/1737	98.96373056994818	1..1721	SAMEA117078724.contig00001 len=1523035 cov=41.7 corr=0 origname=NODE_1_length_1523035_cov_41.725419_pilon sw=shovill-spades/1.1.0 date=20250207	920451..922171	Doxycycline, Tetracycline, Tigecycline	HQ652506
SAMEA4964470	parasanguinis_E	msr(D)	100.00	1464/1464	100.0	1..1464	SAMEA4964470.contig00002 len=733032 cov=40.6 corr=1 origname=NODE_2_length_733032_cov_40.594686_pilon sw=shovill-spades/1.1.0 date=20230706	206063..207526	Erythromycin, Azithromycin, Telithromycin, Quinupristin, Pristinamycin IA, Virginiamycin S	AF274302
SAMEA4964470	parasanguinis_E	mef(A)	100.00	1218/1218	100.0	1..1218	SAMEA4964470.contig00002 len=733032 cov=40.6 corr=1 origname=NODE_2_length_733032_cov_40.594686_pilon sw=shovill-spades/1.1.0 date=20230706	204726..205943	Erythromycin, Azithromycin	U83667
SAMEA4964470	parasanguinis_E	erm(B)	100.00	738/738	100.0	1..738	SAMEA4964470.contig00002 len=733032 cov=40.6 corr=1 origname=NODE_2_length_733032_cov_40.594686_pilon sw=shovill-spades/1.1.0 date=20230706	221089..221826	Erythromycin, Lincomycin, Clindamycin, Quinupristin, Pristinamycin IA, Virginiamycin S	X72021
SAMEA4964470	parasanguinis_E	tet(M)	99.22	1920/1920	100.0	1..1920	SAMEA4964470.contig00002 len=733032 cov=40.6 corr=1 origname=NODE_2_length_733032_cov_40.594686_pilon sw=shovill-spades/1.1.0 date=20230706	209252..211171	Doxycycline, Tetracycline, Minocycline	FR671418
SAMEA4964470	parasanguinis_E	tetA(46)	95.07	1725/1725	100.0	1..1725	SAMEA4964470.contig00002 len=733032 cov=40.6 corr=1 origname=NODE_2_length_733032_cov_40.594686_pilon sw=shovill-spades/1.1.0 date=20230706	673249..674973	Doxycycline, Tetracycline, Tigecycline	HQ652506
SAMEA4964470	parasanguinis_E	tetB(46)	92.05	1723/1737	98.96373056994818	1..1721	SAMEA4964470.contig00002 len=733032 cov=40.6 corr=1 origname=NODE_2_length_733032_cov_40.594686_pilon sw=shovill-spades/1.1.0 date=20230706	674975..676695	Doxycycline, Tetracycline, Tigecycline	HQ652506
SAMEA5390910	parasanguinis_E	tetA(46)	95.13	1725/1725	100.0	1..1725	SAMEA5390910.contig00002 len=471831 cov=36.9 corr=0 origname=NODE_2_length_471831_cov_36.899502_pilon sw=shovill-spades/1.1.0 date=20230705	62643..64367	Doxycycline, Tetracycline, Tigecycline	HQ652506
SAMEA5390910	parasanguinis_E	tetB(46)	92.75	1723/1737	98.96373056994818	1..1721	SAMEA5390910.contig00002 len=471831 cov=36.9 corr=0 origname=NODE_2_length_471831_cov_36.899502_pilon sw=shovill-spades/1.1.0 date=20230705	60921..62641	Doxycycline, Tetracycline, Tigecycline	HQ652506
SAMN03197539	parasanguinis_E	msr(D)	100.00	1464/1464	100.0	1..1464	SAMN03197539.contig00002 len=358917 cov=9.8 corr=0 origname=NODE_2_length_358917_cov_9.844744_pilon sw=shovill-spades/1.0.4 date=20190224	77312..78775	Erythromycin, Azithromycin, Telithromycin, Quinupristin, Pristinamycin IA, Virginiamycin S	AF274302
SAMN03197539	parasanguinis_E	mef(A)	100.00	1218/1218	100.0	1..1218	SAMN03197539.contig00002 len=358917 cov=9.8 corr=0 origname=NODE_2_length_358917_cov_9.844744_pilon sw=shovill-spades/1.0.4 date=20190224	75975..77192	Erythromycin, Azithromycin	U83667
SAMN03197539	parasanguinis_E	tetA(46)	94.38	1725/1725	100.0	1..1725	SAMN03197539.contig00011 len=68654 cov=10.3 corr=0 origname=NODE_11_length_68654_cov_10.279559_pilon sw=shovill-spades/1.0.4 date=20190224	58965..60689	Doxycycline, Tetracycline, Tigecycline	HQ652506
SAMN03197539	parasanguinis_E	tetB(46)	92.62	1722/1737	99.02130109383995	1..1721	SAMN03197539.contig00011 len=68654 cov=10.3 corr=0 origname=NODE_11_length_68654_cov_10.279559_pilon sw=shovill-spades/1.0.4 date=20190224	57243..58963	Doxycycline, Tetracycline, Tigecycline	HQ652506
SAMN04480358	parasanguinis_E	msr(D)	100.00	1464/1464	100.0	1..1464	SAMN04480358.contig00037 len=5242 cov=53.3 corr=0 origname=NODE_37_length_5242_cov_53.251014_pilon sw=shovill-spades/1.0.4 date=20190104	2175..3638	Erythromycin, Azithromycin, Telithromycin, Quinupristin, Pristinamycin IA, Virginiamycin S	AF274302
SAMN04480358	parasanguinis_E	mef(A)	100.00	1218/1218	100.0	1..1218	SAMN04480358.contig00037 len=5242 cov=53.3 corr=0 origname=NODE_37_length_5242_cov_53.251014_pilon sw=shovill-spades/1.0.4 date=20190104	838..2055	Erythromycin, Azithromycin	U83667
SAMN04480358	parasanguinis_E	tetA(46)	94.84	1725/1725	100.0	1..1725	SAMN04480358.contig00004 len=121472 cov=35.6 corr=0 origname=NODE_4_length_121472_cov_35.642272_pilon sw=shovill-spades/1.0.4 date=20190104	107768..109492	Doxycycline, Tetracycline, Tigecycline	HQ652506
SAMN04480358	parasanguinis_E	tetB(46)	92.39	1722/1737	99.02130109383995	1..1721	SAMN04480358.contig00004 len=121472 cov=35.6 corr=0 origname=NODE_4_length_121472_cov_35.642272_pilon sw=shovill-spades/1.0.4 date=20190104	109494..111214	Doxycycline, Tetracycline, Tigecycline	HQ652506
SAMN10239556	parasanguinis_E	msr(D)	100.00	1464/1464	100.0	1..1464	SAMN10239556.contig00001 len=495410 cov=44.2 corr=0 origname=NODE_1_length_495410_cov_44.215939_pilon sw=shovill-spades/1.1.0 date=20230707	362086..363549	Erythromycin, Azithromycin, Telithromycin, Quinupristin, Pristinamycin IA, Virginiamycin S	AF274302
SAMN10239556	parasanguinis_E	mef(A)	100.00	1218/1218	100.0	1..1218	SAMN10239556.contig00001 len=495410 cov=44.2 corr=0 origname=NODE_1_length_495410_cov_44.215939_pilon sw=shovill-spades/1.1.0 date=20230707	360749..361966	Erythromycin, Azithromycin	U83667
SAMN10239556	parasanguinis_E	tetA(46)	95.07	1725/1725	100.0	1..1725	SAMN10239556.contig00002 len=267646 cov=42.3 corr=0 origname=NODE_2_length_267646_cov_42.314396_pilon sw=shovill-spades/1.1.0 date=20230707	206974..208698	Doxycycline, Tetracycline, Tigecycline	HQ652506
SAMN10239556	parasanguinis_E	tetB(46)	92.74	1722/1737	99.02130109383995	1..1721	SAMN10239556.contig00002 len=267646 cov=42.3 corr=0 origname=NODE_2_length_267646_cov_42.314396_pilon sw=shovill-spades/1.1.0 date=20230707	205252..206972	Doxycycline, Tetracycline, Tigecycline	HQ652506
SAMN11849374	parasanguinis_E	msr(D)	100.00	1464/1464	100.0	1..1464	SAMN11849374.contig00001 len=495410 cov=44.2 corr=0 origname=NODE_1_length_495410_cov_44.215939_pilon sw=shovill-spades/1.1.0 date=20230706	362086..363549	Erythromycin, Azithromycin, Telithromycin, Quinupristin, Pristinamycin IA, Virginiamycin S	AF274302
SAMN11849374	parasanguinis_E	mef(A)	100.00	1218/1218	100.0	1..1218	SAMN11849374.contig00001 len=495410 cov=44.2 corr=0 origname=NODE_1_length_495410_cov_44.215939_pilon sw=shovill-spades/1.1.0 date=20230706	360749..361966	Erythromycin, Azithromycin	U83667
SAMN11849374	parasanguinis_E	tetA(46)	95.07	1725/1725	100.0	1..1725	SAMN11849374.contig00002 len=267646 cov=42.3 corr=0 origname=NODE_2_length_267646_cov_42.314396_pilon sw=shovill-spades/1.1.0 date=20230706	206974..208698	Doxycycline, Tetracycline, Tigecycline	HQ652506
SAMN11849374	parasanguinis_E	tetB(46)	92.74	1722/1737	99.02130109383995	1..1721	SAMN11849374.contig00002 len=267646 cov=42.3 corr=0 origname=NODE_2_length_267646_cov_42.314396_pilon sw=shovill-spades/1.1.0 date=20230706	205252..206972	Doxycycline, Tetracycline, Tigecycline	HQ652506
SAMN11849378	parasanguinis_E	tetA(46)	94.14	1725/1725	100.0	1..1725	SAMN11849378.contig00002 len=177021 cov=49.0 corr=0 origname=NODE_2_length_177021_cov_49.008099_pilon sw=shovill-spades/1.1.0 date=20230706	116487..118211	Doxycycline, Tetracycline, Tigecycline	HQ652506
SAMN11849378	parasanguinis_E	tetB(46)	92.68	1722/1737	99.02130109383995	1..1721	SAMN11849378.contig00002 len=177021 cov=49.0 corr=0 origname=NODE_2_length_177021_cov_49.008099_pilon sw=shovill-spades/1.1.0 date=20230706	118213..119933	Doxycycline, Tetracycline, Tigecycline	HQ652506
SAMN11849380	parasanguinis_E	lsa(C)	99.80	1479/1479	100.0	1..1479	SAMN11849380.contig00002 len=163581 cov=52.1 corr=0 origname=NODE_2_length_163581_cov_52.086761_pilon sw=shovill-spades/1.1.0 date=20230706	9009..10487	Lincomycin, Clindamycin, Dalfopristin, Pristinamycin IIA, Virginiamycin M, Tiamulin	HM990671
SAMN11849380	parasanguinis_E	msr(D)	100.00	1464/1464	100.0	1..1464	SAMN11849380.contig00018 len=44280 cov=38.5 corr=0 origname=NODE_18_length_44280_cov_38.524969_pilon sw=shovill-spades/1.1.0 date=20230706	24887..26350	Erythromycin, Azithromycin, Telithromycin, Quinupristin, Pristinamycin IA, Virginiamycin S	AF274302
SAMN11849380	parasanguinis_E	mef(A)	100.00	1218/1218	100.0	1..1218	SAMN11849380.contig00018 len=44280 cov=38.5 corr=0 origname=NODE_18_length_44280_cov_38.524969_pilon sw=shovill-spades/1.1.0 date=20230706	23550..24767	Erythromycin, Azithromycin	U83667
SAMN11849380	parasanguinis_E	tet(O)	99.90	1920/1920	100.0	1..1920	SAMN11849380.contig00012 len=49338 cov=49.8 corr=0 origname=NODE_12_length_49338_cov_49.807788_pilon sw=shovill-spades/1.1.0 date=20230706	40757..42676	Doxycycline, Tetracycline, Minocycline	Y07780
SAMN11849380	parasanguinis_E	tetA(46)	95.25	1725/1725	100.0	1..1725	SAMN11849380.contig00012 len=49338 cov=49.8 corr=0 origname=NODE_12_length_49338_cov_49.807788_pilon sw=shovill-spades/1.1.0 date=20230706	11999..13723	Doxycycline, Tetracycline, Tigecycline	HQ652506
SAMN11849380	parasanguinis_E	tetB(46)	93.93	1665/1737	95.73978123200921	1..1664	SAMN11849380.contig00012 len=49338 cov=49.8 corr=0 origname=NODE_12_length_49338_cov_49.807788_pilon sw=shovill-spades/1.1.0 date=20230706	10334..11997	Doxycycline, Tetracycline, Tigecycline	HQ652506
SAMN11849381	parasanguinis_E	msr(D)	100.00	1464/1464	100.0	1..1464	SAMN11849381.contig00001 len=303474 cov=34.6 corr=0 origname=NODE_1_length_303474_cov_34.584982_pilon sw=shovill-spades/1.1.0 date=20230707	80204..81667	Erythromycin, Azithromycin, Telithromycin, Quinupristin, Pristinamycin IA, Virginiamycin S	AF274302
SAMN11849381	parasanguinis_E	mef(A)	99.92	1218/1218	100.0	1..1218	SAMN11849381.contig00001 len=303474 cov=34.6 corr=0 origname=NODE_1_length_303474_cov_34.584982_pilon sw=shovill-spades/1.1.0 date=20230707	78867..80084	Erythromycin, Azithromycin	U83667
SAMN11849381	parasanguinis_E	tetA(46)	92.17	1725/1725	100.0	1..1725	SAMN11849381.contig00002 len=287444 cov=47.0 corr=0 origname=NODE_2_length_287444_cov_46.962281_pilon sw=shovill-spades/1.1.0 date=20230707	180515..182239	Doxycycline, Tetracycline, Tigecycline	HQ652506
SAMN11849381	parasanguinis_E	tetB(46)	90.13	1722/1737	99.02130109383995	1..1721	SAMN11849381.contig00002 len=287444 cov=47.0 corr=0 origname=NODE_2_length_287444_cov_46.962281_pilon sw=shovill-spades/1.1.0 date=20230707	178793..180513	Doxycycline, Tetracycline, Tigecycline	HQ652506
SAMN11849382	parasanguinis_E	msr(D)	100.00	1464/1464	100.0	1..1464	SAMN11849382.contig00029 len=28279 cov=41.3 corr=0 origname=NODE_29_length_28279_cov_41.340711_pilon sw=shovill-spades/1.1.0 date=20230706	24887..26350	Erythromycin, Azithromycin, Telithromycin, Quinupristin, Pristinamycin IA, Virginiamycin S	AF274302
SAMN11849382	parasanguinis_E	mef(A)	100.00	1218/1218	100.0	1..1218	SAMN11849382.contig00029 len=28279 cov=41.3 corr=0 origname=NODE_29_length_28279_cov_41.340711_pilon sw=shovill-spades/1.1.0 date=20230706	23550..24767	Erythromycin, Azithromycin	U83667
SAMN11849382	parasanguinis_E	lsa(C)	99.68	949/1479	64.16497633536173	531..1479	SAMN11849382.contig00075 len=1021 cov=4.2 corr=0 origname=NODE_75_length_1021_cov_4.170940_pilon sw=shovill-spades/1.1.0 date=20230706	1..949	Lincomycin, Clindamycin, Dalfopristin, Pristinamycin IIA, Virginiamycin M, Tiamulin	HM990671
SAMN11849382	parasanguinis_E	tetA(46)	95.25	1725/1725	100.0	1..1725	SAMN11849382.contig00020 len=38730 cov=48.8 corr=0 origname=NODE_20_length_38730_cov_48.833096_pilon sw=shovill-spades/1.1.0 date=20230706	11999..13723	Doxycycline, Tetracycline, Tigecycline	HQ652506
SAMN11849382	parasanguinis_E	tetB(46)	93.93	1665/1737	95.73978123200921	1..1664	SAMN11849382.contig00020 len=38730 cov=48.8 corr=0 origname=NODE_20_length_38730_cov_48.833096_pilon sw=shovill-spades/1.1.0 date=20230706	10334..11997	Doxycycline, Tetracycline, Tigecycline	HQ652506
SAMN11849382	parasanguinis_E	tet(O)	99.90	1920/1920	100.0	1..1920	SAMN11849382.contig00048 len=8879 cov=40.7 corr=0 origname=NODE_48_length_8879_cov_40.665226_pilon sw=shovill-spades/1.1.0 date=20230706	947..2866	Doxycycline, Tetracycline, Minocycline	Y07780
SAMN11849383	parasanguinis_E	msr(D)	100.00	1464/1464	100.0	1..1464	SAMN11849383.contig00010 len=66727 cov=25.0 corr=0 origname=NODE_10_length_66727_cov_24.961496_pilon sw=shovill-spades/1.1.0 date=20230706	6027..7490	Erythromycin, Azithromycin, Telithromycin, Quinupristin, Pristinamycin IA, Virginiamycin S	AF274302
SAMN11849383	parasanguinis_E	mef(A)	99.92	1218/1218	100.0	1..1218	SAMN11849383.contig00010 len=66727 cov=25.0 corr=0 origname=NODE_10_length_66727_cov_24.961496_pilon sw=shovill-spades/1.1.0 date=20230706	4690..5907	Erythromycin, Azithromycin	U83667
SAMN11849383	parasanguinis_E	tetA(46)	92.17	1725/1725	100.0	1..1725	SAMN11849383.contig00001 len=287444 cov=45.3 corr=0 origname=NODE_1_length_287444_cov_45.292498_pilon sw=shovill-spades/1.1.0 date=20230706	180515..182239	Doxycycline, Tetracycline, Tigecycline	HQ652506
SAMN11849383	parasanguinis_E	tetB(46)	90.13	1722/1737	99.02130109383995	1..1721	SAMN11849383.contig00001 len=287444 cov=45.3 corr=0 origname=NODE_1_length_287444_cov_45.292498_pilon sw=shovill-spades/1.1.0 date=20230706	178793..180513	Doxycycline, Tetracycline, Tigecycline	HQ652506
SAMN11849384	parasanguinis_E	lsa(C)	99.80	1479/1479	100.0	1..1479	SAMN11849384.contig00002 len=163623 cov=54.0 corr=0 origname=NODE_2_length_163623_cov_54.006090_pilon sw=shovill-spades/1.1.0 date=20230707	9051..10529	Lincomycin, Clindamycin, Dalfopristin, Pristinamycin IIA, Virginiamycin M, Tiamulin	HM990671
SAMN11849384	parasanguinis_E	msr(D)	100.00	1464/1464	100.0	1..1464	SAMN11849384.contig00020 len=44280 cov=39.4 corr=0 origname=NODE_20_length_44280_cov_39.371083_pilon sw=shovill-spades/1.1.0 date=20230707	24887..26350	Erythromycin, Azithromycin, Telithromycin, Quinupristin, Pristinamycin IA, Virginiamycin S	AF274302
SAMN11849384	parasanguinis_E	mef(A)	100.00	1218/1218	100.0	1..1218	SAMN11849384.contig00020 len=44280 cov=39.4 corr=0 origname=NODE_20_length_44280_cov_39.371083_pilon sw=shovill-spades/1.1.0 date=20230707	23550..24767	Erythromycin, Azithromycin	U83667
SAMN11849384	parasanguinis_E	tet(O)	99.90	1920/1920	100.0	1..1920	SAMN11849384.contig00014 len=49338 cov=55.2 corr=0 origname=NODE_14_length_49338_cov_55.247112_pilon sw=shovill-spades/1.1.0 date=20230707	6663..8582	Doxycycline, Tetracycline, Minocycline	Y07780
SAMN11849384	parasanguinis_E	tetA(46)	95.25	1725/1725	100.0	1..1725	SAMN11849384.contig00014 len=49338 cov=55.2 corr=0 origname=NODE_14_length_49338_cov_55.247112_pilon sw=shovill-spades/1.1.0 date=20230707	35616..37340	Doxycycline, Tetracycline, Tigecycline	HQ652506
SAMN11849384	parasanguinis_E	tetB(46)	93.93	1665/1737	95.73978123200921	1..1664	SAMN11849384.contig00014 len=49338 cov=55.2 corr=0 origname=NODE_14_length_49338_cov_55.247112_pilon sw=shovill-spades/1.1.0 date=20230707	37342..39005	Doxycycline, Tetracycline, Tigecycline	HQ652506
SAMN11849387	parasanguinis_E	msr(D)	100.00	1464/1464	100.0	1..1464	SAMN11849387.contig00001 len=552054 cov=24.6 corr=0 origname=NODE_1_length_552054_cov_24.609900_pilon sw=shovill-spades/1.1.0 date=20230708	267872..269335	Erythromycin, Azithromycin, Telithromycin, Quinupristin, Pristinamycin IA, Virginiamycin S	AF274302
SAMN11849387	parasanguinis_E	mef(A)	99.92	1218/1218	100.0	1..1218	SAMN11849387.contig00001 len=552054 cov=24.6 corr=0 origname=NODE_1_length_552054_cov_24.609900_pilon sw=shovill-spades/1.1.0 date=20230708	266535..267752	Erythromycin, Azithromycin	U83667
SAMN11849387	parasanguinis_E	tetA(46)	92.17	1725/1725	100.0	1..1725	SAMN11849387.contig00002 len=296215 cov=21.7 corr=1 origname=NODE_2_length_296215_cov_21.671763_pilon sw=shovill-spades/1.1.0 date=20230708	113971..115695	Doxycycline, Tetracycline, Tigecycline	HQ652506
SAMN11849387	parasanguinis_E	tetB(46)	90.13	1722/1737	99.02130109383995	1..1721	SAMN11849387.contig00002 len=296215 cov=21.7 corr=1 origname=NODE_2_length_296215_cov_21.671763_pilon sw=shovill-spades/1.1.0 date=20230708	115697..117417	Doxycycline, Tetracycline, Tigecycline	HQ652506
SAMN11849388	parasanguinis_E	lsa(C)	99.80	1479/1479	100.0	1..1479	SAMN11849388.contig00002 len=241855 cov=56.8 corr=1 origname=NODE_2_length_241855_cov_56.840514_pilon sw=shovill-spades/1.1.0 date=20230706	153101..154579	Lincomycin, Clindamycin, Dalfopristin, Pristinamycin IIA, Virginiamycin M, Tiamulin	HM990671
SAMN11849388	parasanguinis_E	msr(D)	100.00	1464/1464	100.0	1..1464	SAMN11849388.contig00016 len=44292 cov=55.5 corr=0 origname=NODE_16_length_44292_cov_55.516074_pilon sw=shovill-spades/1.1.0 date=20230706	24893..26356	Erythromycin, Azithromycin, Telithromycin, Quinupristin, Pristinamycin IA, Virginiamycin S	AF274302
SAMN11849388	parasanguinis_E	mef(A)	100.00	1218/1218	100.0	1..1218	SAMN11849388.contig00016 len=44292 cov=55.5 corr=0 origname=NODE_16_length_44292_cov_55.516074_pilon sw=shovill-spades/1.1.0 date=20230706	23556..24773	Erythromycin, Azithromycin	U83667
SAMN11849388	parasanguinis_E	tet(O)	99.90	1920/1920	100.0	1..1920	SAMN11849388.contig00012 len=56031 cov=45.4 corr=0 origname=NODE_12_length_56031_cov_45.364373_pilon sw=shovill-spades/1.1.0 date=20230706	47444..49363	Doxycycline, Tetracycline, Minocycline	Y07780
SAMN11849388	parasanguinis_E	tetA(46)	95.25	1725/1725	100.0	1..1725	SAMN11849388.contig00012 len=56031 cov=45.4 corr=0 origname=NODE_12_length_56031_cov_45.364373_pilon sw=shovill-spades/1.1.0 date=20230706	18686..20410	Doxycycline, Tetracycline, Tigecycline	HQ652506
SAMN11849388	parasanguinis_E	tetB(46)	93.93	1665/1737	95.73978123200921	1..1664	SAMN11849388.contig00012 len=56031 cov=45.4 corr=0 origname=NODE_12_length_56031_cov_45.364373_pilon sw=shovill-spades/1.1.0 date=20230706	17021..18684	Doxycycline, Tetracycline, Tigecycline	HQ652506
SAMN11849389	parasanguinis_E	msr(D)	100.00	1464/1464	100.0	1..1464	SAMN11849389.contig00001 len=706045 cov=34.3 corr=3 origname=NODE_1_length_706045_cov_34.253211_pilon sw=shovill-spades/1.1.0 date=20230706	267872..269335	Erythromycin, Azithromycin, Telithromycin, Quinupristin, Pristinamycin IA, Virginiamycin S	AF274302
SAMN11849389	parasanguinis_E	mef(A)	99.92	1218/1218	100.0	1..1218	SAMN11849389.contig00001 len=706045 cov=34.3 corr=3 origname=NODE_1_length_706045_cov_34.253211_pilon sw=shovill-spades/1.1.0 date=20230706	266535..267752	Erythromycin, Azithromycin	U83667
SAMN11849389	parasanguinis_E	tetA(46)	92.17	1725/1725	100.0	1..1725	SAMN11849389.contig00008 len=65602 cov=30.1 corr=1 origname=NODE_8_length_65602_cov_30.142846_pilon sw=shovill-spades/1.1.0 date=20230706	26627..28351	Doxycycline, Tetracycline, Tigecycline	HQ652506
SAMN11849389	parasanguinis_E	tetB(46)	90.13	1722/1737	99.02130109383995	1..1721	SAMN11849389.contig00008 len=65602 cov=30.1 corr=1 origname=NODE_8_length_65602_cov_30.142846_pilon sw=shovill-spades/1.1.0 date=20230706	24905..26625	Doxycycline, Tetracycline, Tigecycline	HQ652506
SAMN11849390	parasanguinis_E	lsa(C)	99.80	1479/1479	100.0	1..1479	SAMN11849390.contig00001 len=376302 cov=52.0 corr=0 origname=NODE_1_length_376302_cov_51.991303_pilon sw=shovill-spades/1.1.0 date=20230708	87385..88863	Lincomycin, Clindamycin, Dalfopristin, Pristinamycin IIA, Virginiamycin M, Tiamulin	HM990671
SAMN11849390	parasanguinis_E	msr(D)	100.00	1464/1464	100.0	1..1464	SAMN11849390.contig00015 len=44292 cov=55.9 corr=0 origname=NODE_15_length_44292_cov_55.901133_pilon sw=shovill-spades/1.1.0 date=20230708	24893..26356	Erythromycin, Azithromycin, Telithromycin, Quinupristin, Pristinamycin IA, Virginiamycin S	AF274302
SAMN11849390	parasanguinis_E	mef(A)	100.00	1218/1218	100.0	1..1218	SAMN11849390.contig00015 len=44292 cov=55.9 corr=0 origname=NODE_15_length_44292_cov_55.901133_pilon sw=shovill-spades/1.1.0 date=20230708	23556..24773	Erythromycin, Azithromycin	U83667
SAMN11849390	parasanguinis_E	tet(O)	99.90	1920/1920	100.0	1..1920	SAMN11849390.contig00006 len=94881 cov=43.9 corr=0 origname=NODE_6_length_94881_cov_43.860798_pilon sw=shovill-spades/1.1.0 date=20230708	6669..8588	Doxycycline, Tetracycline, Minocycline	Y07780
SAMN11849390	parasanguinis_E	tetA(46)	95.25	1725/1725	100.0	1..1725	SAMN11849390.contig00006 len=94881 cov=43.9 corr=0 origname=NODE_6_length_94881_cov_43.860798_pilon sw=shovill-spades/1.1.0 date=20230708	35622..37346	Doxycycline, Tetracycline, Tigecycline	HQ652506
SAMN11849390	parasanguinis_E	tetB(46)	93.93	1665/1737	95.73978123200921	1..1664	SAMN11849390.contig00006 len=94881 cov=43.9 corr=0 origname=NODE_6_length_94881_cov_43.860798_pilon sw=shovill-spades/1.1.0 date=20230708	37348..39011	Doxycycline, Tetracycline, Tigecycline	HQ652506
SAMN26876559	parasanguinis_E	msr(D)	100.00	1464/1464	100.0	1..1464	SAMN26876559.contig00001 len=731520 cov=26.8 corr=0 origname=NODE_1_length_731520_cov_26.806748_pilon sw=shovill-spades/1.1.0 date=20230628	290270..291733	Erythromycin, Azithromycin, Telithromycin, Quinupristin, Pristinamycin IA, Virginiamycin S	AF274302
SAMN26876559	parasanguinis_E	mef(A)	100.00	1218/1218	100.0	1..1218	SAMN26876559.contig00001 len=731520 cov=26.8 corr=0 origname=NODE_1_length_731520_cov_26.806748_pilon sw=shovill-spades/1.1.0 date=20230628	291853..293070	Erythromycin, Azithromycin	U83667
SAMN26876559	parasanguinis_E	tetA(46)	95.25	1725/1725	100.0	1..1725	SAMN26876559.contig00012 len=21613 cov=25.4 corr=0 origname=NODE_12_length_21613_cov_25.431023_pilon sw=shovill-spades/1.1.0 date=20230628	8209..9933	Doxycycline, Tetracycline, Tigecycline	HQ652506
SAMN26876559	parasanguinis_E	tetB(46)	92.49	1732/1737	99.71214738054115	1..1732	SAMN26876559.contig00012 len=21613 cov=25.4 corr=0 origname=NODE_12_length_21613_cov_25.431023_pilon sw=shovill-spades/1.1.0 date=20230628	9935..11666	Doxycycline, Tetracycline, Tigecycline	HQ652506
SAMN26876573	parasanguinis_E	msr(D)	100.00	1464/1464	100.0	1..1464	SAMN26876573.contig00005 len=134128 cov=11.7 corr=0 origname=NODE_5_length_134128_cov_11.660207_pilon sw=shovill-spades/1.1.0 date=20230627	99450..100913	Erythromycin, Azithromycin, Telithromycin, Quinupristin, Pristinamycin IA, Virginiamycin S	AF274302
SAMN26876573	parasanguinis_E	mef(A)	100.00	1218/1218	100.0	1..1218	SAMN26876573.contig00005 len=134128 cov=11.7 corr=0 origname=NODE_5_length_134128_cov_11.660207_pilon sw=shovill-spades/1.1.0 date=20230627	101033..102250	Erythromycin, Azithromycin	U83667
SAMN26876573	parasanguinis_E	tetA(46)	94.55	1725/1725	100.0	1..1725	SAMN26876573.contig00016 len=50177 cov=16.2 corr=0 origname=NODE_16_length_50177_cov_16.174794_pilon sw=shovill-spades/1.1.0 date=20230627	36796..38520	Doxycycline, Tetracycline, Tigecycline	HQ652506
SAMN26876573	parasanguinis_E	tetB(46)	92.80	1722/1737	99.02130109383995	1..1721	SAMN26876573.contig00016 len=50177 cov=16.2 corr=0 origname=NODE_16_length_50177_cov_16.174794_pilon sw=shovill-spades/1.1.0 date=20230627	38522..40242	Doxycycline, Tetracycline, Tigecycline	HQ652506
SAMN29581410	parasanguinis_E	msr(D)	100.00	1464/1464	100.0	1..1464	SAMN29581410.contig00005 len=112624 cov=54.4 corr=0 origname=NODE_5_length_112624_cov_54.440360_pilon sw=shovill-spades/1.1.0 date=20230625	48950..50413	Erythromycin, Azithromycin, Telithromycin, Quinupristin, Pristinamycin IA, Virginiamycin S	AF274302
SAMN29581410	parasanguinis_E	mef(A)	100.00	1218/1218	100.0	1..1218	SAMN29581410.contig00005 len=112624 cov=54.4 corr=0 origname=NODE_5_length_112624_cov_54.440360_pilon sw=shovill-spades/1.1.0 date=20230625	47613..48830	Erythromycin, Azithromycin	U83667
SAMN29581410	parasanguinis_E	tetA(46)	94.72	1725/1725	100.0	1..1725	SAMN29581410.contig00009 len=89818 cov=57.5 corr=0 origname=NODE_9_length_89818_cov_57.543861_pilon sw=shovill-spades/1.1.0 date=20230625	60036..61760	Doxycycline, Tetracycline, Tigecycline	HQ652506
SAMN29581410	parasanguinis_E	tetB(46)	92.82	1712/1737	98.33045480713875	1..1710	SAMN29581410.contig00009 len=89818 cov=57.5 corr=0 origname=NODE_9_length_89818_cov_57.543861_pilon sw=shovill-spades/1.1.0 date=20230625	61762..63471	Doxycycline, Tetracycline, Tigecycline	HQ652506
SAMN41594618	parasanguinis_E	tetA(46)	94.78	1725/1725	100.0	1..1725	SAMN41594618.contig00001 len=745769 cov=37.2 corr=0 origname=NODE_1_length_745769_cov_37.247797_pilon sw=shovill-spades/1.1.0 date=20240724	337540..339264	Doxycycline, Tetracycline, Tigecycline	HQ652506
SAMN41594618	parasanguinis_E	tetB(46)	92.92	1724/1737	98.90616004605643	1..1721	SAMN41594618.contig00001 len=745769 cov=37.2 corr=0 origname=NODE_1_length_745769_cov_37.247797_pilon sw=shovill-spades/1.1.0 date=20240724	335818..337538	Doxycycline, Tetracycline, Tigecycline	HQ652506
SAMN41594618	parasanguinis_E	tet(M)	99.84	1920/1920	100.0	1..1920	SAMN41594618.contig00003 len=244062 cov=46.4 corr=0 origname=NODE_3_length_244062_cov_46.350747_pilon sw=shovill-spades/1.1.0 date=20240724	38502..40421	Doxycycline, Tetracycline, Minocycline	X92947
SAMN41594619	parasanguinis_E	tet(M)	99.84	1920/1920	100.0	1..1920	SAMN41594619.contig00001 len=711512 cov=38.8 corr=0 origname=NODE_1_length_711512_cov_38.769982_pilon sw=shovill-spades/1.1.0 date=20240724	505952..507871	Doxycycline, Tetracycline, Minocycline	X92947
SAMN41594619	parasanguinis_E	tetA(46)	94.78	1725/1725	100.0	1..1725	SAMN41594619.contig00001 len=711512 cov=38.8 corr=0 origname=NODE_1_length_711512_cov_38.769982_pilon sw=shovill-spades/1.1.0 date=20240724	59456..61180	Doxycycline, Tetracycline, Tigecycline	HQ652506
SAMN41594619	parasanguinis_E	tetB(46)	92.92	1724/1737	98.90616004605643	1..1721	SAMN41594619.contig00001 len=711512 cov=38.8 corr=0 origname=NODE_1_length_711512_cov_38.769982_pilon sw=shovill-spades/1.1.0 date=20240724	57734..59454	Doxycycline, Tetracycline, Tigecycline	HQ652506
SAMN41594620	parasanguinis_E	tetA(46)	94.78	1725/1725	100.0	1..1725	SAMN41594620.contig00001 len=834297 cov=35.7 corr=0 origname=NODE_1_length_834297_cov_35.715433_pilon sw=shovill-spades/1.1.0 date=20240724	406506..408230	Doxycycline, Tetracycline, Tigecycline	HQ652506
SAMN41594620	parasanguinis_E	tetB(46)	92.92	1724/1737	98.90616004605643	1..1721	SAMN41594620.contig00001 len=834297 cov=35.7 corr=0 origname=NODE_1_length_834297_cov_35.715433_pilon sw=shovill-spades/1.1.0 date=20240724	408232..409952	Doxycycline, Tetracycline, Tigecycline	HQ652506
SAMN41594620	parasanguinis_E	tet(M)	99.84	1920/1920	100.0	1..1920	SAMN41594620.contig00003 len=244062 cov=44.2 corr=0 origname=NODE_3_length_244062_cov_44.153670_pilon sw=shovill-spades/1.1.0 date=20240724	203642..205561	Doxycycline, Tetracycline, Minocycline	X92947
